Gains:
    T:
        kx: -0.0000000000000009524425387
        ky: 0.0000000000000000141637374
        kz: 3.1622776601683972863554573
        kdx: -0.0000000000000007305860957
        kdy: 0.0000000000000000287245534
        kdz: 1.0936747507754058794660068
        kroll: -0.0000000000000000762979643
        kpitch: -0.0000000000000016661634742
        kyaw: -0.0000000000000009447199690
        kdroll: -0.0000000000000000022057140
        kdpitch: -0.0000000000000000038771505
        kdyaw: -0.0000000000000000077402120
    tx:
        kx: -0.0000000000000001227379072
        ky: -0.0100000000000000175554016
        kz: 0.0000000000000001945794741
        kdx: -0.0000000000000001013676444
        kdy: -0.0100095761422120416855863
        kdz: -0.0000000000000000253599065
        kroll: 0.0580518657563088569251164
        kpitch: -0.0000000000000005999718022
        kyaw: -0.0000000000000000732837431
        kdroll: 0.0101381002192514318299699
        kdpitch: -0.0000000000000000038771505
        kdyaw: -0.0000000000000000077402120
    ty:
        kx: 0.0099999999999994954036353
        ky: 0.0000000000000001109849851
        kz: -0.0000000000000004238625488
        kdx: 0.0100095761422118664785152
        kdy: 0.0000000000000001121474473
        kdz: -0.0000000000000000500913444
        kroll: -0.0000000000000005087790991
        kpitch: 0.0580518657563079826244845
        kyaw: 0.0000000000000001176452497
        kdroll: -0.0000000000000000336265900
        kdpitch: -0.0000000000000000038771505
        kdyaw: -0.0000000000000000077402120
    tz:
        kx: 0.0000000000000000122105076
        ky: -0.0000000000000000247369111
        kz: 0.0000000000000001998652808
        kdx: 0.0000000000000000272398459
        kdy: -0.0000000000000000178361634
        kdz: -0.0000000000000000742028551
        kroll: 0.0000000000000000013281753
        kpitch: 0.0000000000000003388674301
        kyaw: 0.0316227766016837427698327
        kdroll: -0.0000000000000000003472712
        kdpitch: -0.0000000000000000038771505
        kdyaw: -0.0000000000000000077402120
